pose:
  translation: 
    x: 0.6807263129146132
    y: -0.03131690130335574
    z: 0.8310379981158064
  rotation: 
    x: -0.8063251341802464
    y: -0.5785681838008732
    z: 0.05367713946647818
    w: 0.11053234540741098