pose:
  orientation:
    w: 0.03832614929233193
    x: -0.6841352402270127
    y: -0.04359060051518676
    z: 0.7270419100070333
  position:
    x: 0.7043277352801641
    y: -0.06643316044972288
    z: 0.8559183106596288
