pose:
  orientation:
    w: 0.03828926941985069
    x: -0.6841226062086367
    y: -0.043540614616693195
    z: 0.7270587365546178
  position:
    x: 0.7043321930763281
    y: -0.0663856850986882
    z: 0.8559708279129006
