pose:
  translation: 
    x: 0.730458163804335
    y: 0.0032484963212545126
    z: 0.8696689709249947
  rotation: 
    x: -0.6603801067025223
    y: -0.7466398912934935
    z: 0.017126546971005123
    w: 0.07831774249591102