pose:
  translation: 
    x: 0.6709921662697865
    y: -0.02056750737359307
    z: 0.8417068811626701
  rotation: 
    x: 0.6375203
    y: 0.1858903
    z: 0.7313425
    w: 0.1554056