pose:
  orientation:
    w: 0.012625620642263509
    x: -0.026860606450902772
    y: 0.7091922210383165
    z: 0.7043901583236573
  position:
    x: 0.5309996597244745
    y: 0.08000784356292337
    z: 0.8930803655923476
