pose:
  translation: 
    x: -0.044623135303688846
    y: 0.030689804100291374
    z: -0.09415826033506661
  rotation: 
    x: -0.0013793351394570993
    y: 6.230891637004632e-05
    z: -0.7017544400649356
    w: 0.712417573759464